255 255 255 255 255 255 255 255 255 255 255 255 255 255 255 255
255   0   0   0   0   0   0 255 255 255   0   0   0   0   0 255
255   0 255 255 255   0 255   0 255 255   0 255 255 255   0 255
255   0 255   0 191   0   0   0 255   0   0 191   0 255   0 255
255   0 255 191 239   0 191   0   0 191   0 239 191 255   0 255
255   0   0   0   0   0   0 255 255   0   0   0   0   0   0 255
255   0   0   0 255   0   0 255   0   0 255 191   0 255   0 255
255   0 255   0   0 255   0 255 255 255 255   0   0   0   0 255
255 255   0   0   0 255 255 255   0 255 255  64   0   0 255 255
255 255 255 255  64   0   0   0   0   0   0 191   0 255   0 255
255   0   0   0   0   0 255 255   0 255   0 191 255 255 255 255
255   0 255 191 239   0 255  64 255   0 255 143  64  64 191 255
255   0 255   0 191   0   0 255 255   0   0 255 255 255 255 255
255   0 255 255 255   0   0 255 255   0   0 191   0 255   0 255
255   0   0   0   0   0   0   0   0 255   0 255   0 255 255 255
255 255 255 255 255 255 255 255 255 255 255 255 255 255 255 255
255 255 255 255 255 255 255 255 255 255 255 255 255 255 255 255
255   0   0   0   0   0   0 255 255 255   0   0   0   0   0 255
255   0 255 255 255   0 255   0 255 255   0 255 255 255   0 255
255   0 255   0 191   0   0   0 255   0   0 191   0 255   0 255
255   0 255 191 239   0 191   0   0 191   0 239 191 255   0 255
255   0   0   0   0   0   0 255 255   0   0   0   0   0   0 255
255   0   0   0 255   0   0 255   0   0 255 191   0 255   0 255
255   0 255   0   0 255   0 255 255 255 255   0   0   0   0 255
255 255   0   0   0 255 255 255   0 255 255  64   0   0 255 255
255 255 255 255  64   0   0   0   0   0   0 191   0 255   0 255
255   0   0   0   0   0 255 255   0 255   0 191 255 255 255 255
255   0 255 191 239   0 255  64 255   0 255 143  64  64 191 255
255   0 255   0 191   0   0 255 255   0   0 255 255 255 255 255
255   0 255 255 255   0   0 255 255   0   0 191   0 255   0 255
255   0   0   0   0   0   0   0   0 255   0 255   0 255 255 255
255 255 255 255 255 255 255 255 255 255 255 255 255 255 255 255
255 255 255 255 255 255 255 255 255 255 255 255 255 255 255 255
255   0   0   0   0   0   0 255 255 255   0   0   0   0   0 255
255   0 255 255 255   0 255   0 255 255   0 255 255 255   0 255
255   0 255   0 191   0   0   0 255   0   0 191   0 255   0 255
255   0 255 191 239   0 191   0   0 191   0 239 191 255   0 255
255   0   0   0   0   0   0 255 255   0   0   0   0   0   0 255
255   0   0   0 255   0   0 255   0   0 255 191   0 255   0 255
255   0 255   0   0 255   0 255 255 255 255   0   0   0   0 255
255 255   0   0   0 255 255 255   0 255 255  64   0   0 255 255
255 255 255 255  64   0   0   0   0   0   0 191   0 255   0 255
255   0   0   0   0   0 255 255   0 255   0 191 255 255 255 255
255   0 255 191 239   0 255  64 255   0 255 143  64  64 191 255
255   0 255   0 191   0   0 255 255   0   0 255 255 255 255 255
255   0 255 255 255   0   0 255 255   0   0 191   0 255   0 255
255   0   0   0   0   0   0   0   0 255   0 255   0 255 255 255
255 255 255 255 255 255 255 255 255 255 255 255 255 255 255 255

255 255 255 255 255 255 255 255 255 255 255 255 255 255 255 255
255  73  40  40  40  60 114  40 208 114 255 154 255 127 255 255
255  40 213 151 206  24 187  23 104 255 255  71 252 213 168 255
255  40 151   0 135  24  88   2   8  93 255 116 255 105  40 255
255  40 206 135 199  24 177  26 120 135 135  72 251 129 255 255
255  60  24  24  24  46 239 231 250  95  43 242  23   0  40 255
255 255 187  88 177  88  30 167 236  58 231  41  85   0 181 255
255 208 118 193   0 186  19 156  44  56  56 255 193 118  87 255
255 208   0   0   0 204 218 156 199  56 236 149 193 118  87 255
255 114 187  88 177 103 145 124 187  30 239 255  88  88 114 255
255  60  24  24  24  46 103 204 186  88  46  24  24  24  60 255
255  40 206 135 199  24 255  26  26 166  24 199 135 206  40 255
255  40 151   0 135  24  88  56  56 255  24 135   0 151  40 255
255  40 213 151 206  24  88 174  56 255  24 206 151 213  40 255
255  73  40  40  40  60 114  40 208 255  60  40  40  40  73 255
255 255 255 255 255 255 255 255 255 255 255 255 255 255 255 255
255 255 255 255 255 255 255 255 255 255 255 255 255 255 255 255
255  73  40  40  40  60 114  40 208 114 255 154 255 127 255 255
255  40 213 151 206  24 187  23 104 255 255  71 252 213 168 255
255  40 151   0 135  24  88   2   8  93 255 116 255 105  40 255
255  40 206 135 199  24 177  26 120 135 135  72 251 129 255 255
255  60  24  24  24  46 239 231 250  95  43 242  23   0  40 255
255 255 187  88 177  88  30 167 236  58 231  41  85   0 181 255
255 208 118 193   0 186  19 156  44  56  56 255 193 118  87 255
255 208   0   0   0 204 218 156 199  56 236 149 193 118  87 255
255 114 187  88 177 103 145 124 187  30 239 255  88  88 114 255
255  60  24  24  24  46 103 204 186  88  46  24  24  24  60 255
255  40 206 135 199  24 255  26  26 166  24 199 135 206  40 255
255  40 151   0 135  24  88  56  56 255  24 135   0 151  40 255
255  40 213 151 206  24  88 174  56 255  24 206 151 213  40 255
255  73  40  40  40  60 114  40 208 255  60  40  40  40  73 255
255 255 255 255 255 255 255 255 255 255 255 255 255 255 255 255
255 255 255 255 255 255 255 255 255 255 255 255 255 255 255 255
255  73  40  40  40  60 114  40 208 114 255 154 255 127 255 255
255  40 213 151 206  24 187  23 104 255 255  71 252 213 168 255
255  40 151   0 135  24  88   2   8  93 255 116 255 105  40 255
255  40 206 135 199  24 177  26 120 135 135  72 251 129 255 255
255  60  24  24  24  46 239 231 250  95  43 242  23   0  40 255
255 255 187  88 177  88  30 167 236  58 231  41  85   0 181 255
255 208 118 193   0 186  19 156  44  56  56 255 193 118  87 255
255 208   0   0   0 204 218 156 199  56 236 149 193 118  87 255
255 114 187  88 177 103 145 124 187  30 239 255  88  88 114 255
255  60  24  24  24  46 103 204 186  88  46  24  24  24  60 255
255  40 206 135 199  24 255  26  26 166  24 199 135 206  40 255
255  40 151   0 135  24  88  56  56 255  24 135   0 151  40 255
255  40 213 151 206  24  88 174  56 255  24 206 151 213  40 255
255  73  40  40  40  60 114  40 208 255  60  40  40  40  73 255
255 255 255 255 255 255 255 255 255 255 255 255 255 255 255 255

255 255 255 255 255 255 255 255 255 255 255 255 255 255 255 255
255 255 168  40 255  40 181  87  87 114  60  40  40  40  73 255
255 127 213 105 129   0   0 118 118  88  24 206 151 213  40 255
255 255 252 255 251  23  85 193 193  88  24 135   0 151  40 255
255 154  71 116  72 242  41 255 149 255  24 199 135 206  40 255
255 255 255 255 135  43 231  56 236 239  46  24  24  24  60 255
255 114 255  93 135  95  58  56  56  30  88 166 255 255 255 255
255 208 104   8 120 250 236  44 199 187 186  26  56  56 208 255
255  40  23   2  26 231 167 156 156 124 204  26  56 174  40 255
255 114 187  88 177 239  30  19 218 145 103 255  88  88 114 255
255  60  24  24  24  46  88 186 204 103  46  24  24  24  60 255
255  40 206 135 199  24 177   0   0 177  24 199 135 206  40 255
255  40 151   0 135  24  88 193   0  88  24 135   0 151  40 255
255  40 213 151 206  24 187 118   0 187  24 206 151 213  40 255
255  73  40  40  40  60 255 208 208 114  60  40  40  40  73 255
255 255 255 255 255 255 255 255 255 255 255 255 255 255 255 255
255 255 255 255 255 255 255 255 255 255 255 255 255 255 255 255
255 255 168  40 255  40 181  87  87 114  60  40  40  40  73 255
255 127 213 105 129   0   0 118 118  88  24 206 151 213  40 255
255 255 252 255 251  23  85 193 193  88  24 135   0 151  40 255
255 154  71 116  72 242  41 255 149 255  24 199 135 206  40 255
255 255 255 255 135  43 231  56 236 239  46  24  24  24  60 255
255 114 255  93 135  95  58  56  56  30  88 166 255 255 255 255
255 208 104   8 120 250 236  44 199 187 186  26  56  56 208 255
255  40  23   2  26 231 167 156 156 124 204  26  56 174  40 255
255 114 187  88 177 239  30  19 218 145 103 255  88  88 114 255
255  60  24  24  24  46  88 186 204 103  46  24  24  24  60 255
255  40 206 135 199  24 177   0   0 177  24 199 135 206  40 255
255  40 151   0 135  24  88 193   0  88  24 135   0 151  40 255
255  40 213 151 206  24 187 118   0 187  24 206 151 213  40 255
255  73  40  40  40  60 255 208 208 114  60  40  40  40  73 255
255 255 255 255 255 255 255 255 255 255 255 255 255 255 255 255
255 255 255 255 255 255 255 255 255 255 255 255 255 255 255 255
255 255 168  40 255  40 181  87  87 114  60  40  40  40  73 255
255 127 213 105 129   0   0 118 118  88  24 206 151 213  40 255
255 255 252 255 251  23  85 193 193  88  24 135   0 151  40 255
255 154  71 116  72 242  41 255 149 255  24 199 135 206  40 255
255 255 255 255 135  43 231  56 236 239  46  24  24  24  60 255
255 114 255  93 135  95  58  56  56  30  88 166 255 255 255 255
255 208 104   8 120 250 236  44 199 187 186  26  56  56 208 255
255  40  23   2  26 231 167 156 156 124 204  26  56 174  40 255
255 114 187  88 177 239  30  19 218 145 103 255  88  88 114 255
255  60  24  24  24  46  88 186 204 103  46  24  24  24  60 255
255  40 206 135 199  24 177   0   0 177  24 199 135 206  40 255
255  40 151   0 135  24  88 193   0  88  24 135   0 151  40 255
255  40 213 151 206  24 187 118   0 187  24 206 151 213  40 255
255  73  40  40  40  60 255 208 208 114  60  40  40  40  73 255
255 255 255 255 255 255 255 255 255 255 255 255 255 255 255 255

255 255 255 255 255 255 255 255 255 255 255 255 255 255 255 255
255  73  40  40  40  60 255 208  40 114  60  40  40  40  73 255
255  40 213 151 206  24 255  56 174  88  24 206 151 213  40 255
255  40 151   0 135  24 255  56  56  88  24 135   0 151  40 255
255  40 206 135 199  24 166  26  26 255  24 199 135 206  40 255
255  60  24  24  24  46  88 186 204 103  46  24  24  24  60 255
255 114  88  88 255 239  30 187 124 145 103 177  88 187 114 255
255  87 118 193 149 236  56 199 156 218 204   0   0   0 208 255
255  87 118 193 255  56  56  44 156  19 186   0 193 118 208 255
255 181   0  85  41 231  58 236 167  30  88 177  88 187 255 255
255  40   0  23 242  43  95 250 231 239  46  24  24  24  60 255
255 255 129 251  72 135 135 120  26 177  24 199 135 206  40 255
255  40 105 255 116 255  93   8   2  88  24 135   0 151  40 255
255 168 213 252  71 255 255 104  23 187  24 206 151 213  40 255
255 255 127 255 154 255 114 208  40 114  60  40  40  40  73 255
255 255 255 255 255 255 255 255 255 255 255 255 255 255 255 255
255 255 255 255 255 255 255 255 255 255 255 255 255 255 255 255
255  73  40  40  40  60 255 208  40 114  60  40  40  40  73 255
255  40 213 151 206  24 255  56 174  88  24 206 151 213  40 255
255  40 151   0 135  24 255  56  56  88  24 135   0 151  40 255
255  40 206 135 199  24 166  26  26 255  24 199 135 206  40 255
255  60  24  24  24  46  88 186 204 103  46  24  24  24  60 255
255 114  88  88 255 239  30 187 124 145 103 177  88 187 114 255
255  87 118 193 149 236  56 199 156 218 204   0   0   0 208 255
255  87 118 193 255  56  56  44 156  19 186   0 193 118 208 255
255 181   0  85  41 231  58 236 167  30  88 177  88 187 255 255
255  40   0  23 242  43  95 250 231 239  46  24  24  24  60 255
255 255 129 251  72 135 135 120  26 177  24 199 135 206  40 255
255  40 105 255 116 255  93   8   2  88  24 135   0 151  40 255
255 168 213 252  71 255 255 104  23 187  24 206 151 213  40 255
255 255 127 255 154 255 114 208  40 114  60  40  40  40  73 255
255 255 255 255 255 255 255 255 255 255 255 255 255 255 255 255
255 255 255 255 255 255 255 255 255 255 255 255 255 255 255 255
255  73  40  40  40  60 255 208  40 114  60  40  40  40  73 255
255  40 213 151 206  24 255  56 174  88  24 206 151 213  40 255
255  40 151   0 135  24 255  56  56  88  24 135   0 151  40 255
255  40 206 135 199  24 166  26  26 255  24 199 135 206  40 255
255  60  24  24  24  46  88 186 204 103  46  24  24  24  60 255
255 114  88  88 255 239  30 187 124 145 103 177  88 187 114 255
255  87 118 193 149 236  56 199 156 218 204   0   0   0 208 255
255  87 118 193 255  56  56  44 156  19 186   0 193 118 208 255
255 181   0  85  41 231  58 236 167  30  88 177  88 187 255 255
255  40   0  23 242  43  95 250 231 239  46  24  24  24  60 255
255 255 129 251  72 135 135 120  26 177  24 199 135 206  40 255
255  40 105 255 116 255  93   8   2  88  24 135   0 151  40 255
255 168 213 252  71 255 255 104  23 187  24 206 151 213  40 255
255 255 127 255 154 255 114 208  40 114  60  40  40  40  73 255
255 255 255 255 255 255 255 255 255 255 255 255 255 255 255 255
